DECAY 1000022 0.
DECAY 1000039 0.
DECAY 17 1.e-12 
     1.00000000E+00   2   13        13 
DECAY 1000021 1.e-12 
     1.00000000E+00   3   1000023   2  -2
DECAY 1000006 1.e-12 
     1.00000000E+00   2   1000022    6 
DECAY 1000023 1.e-12 
     1.00000000E+00   3   1000022   13  -13
DECAY 24 1.e-12 
     1.00000000E+00   2   -13 14 
DECAY 23 1.e-12 
     1.00000000E+00   2   13 -13 
DECAY 1000015 1.e-12 
     1.00000000E+00   2   1000039  15 
DECAY 15 1.e-12 
     1.00000000E+00   3   13   -14   16 
DECAY     1000993     1.00000000E-05
     1.00000000E+00   2   21   1000021
BLOCK QNUMBERS 1000993 # ~g_glueball
         1 0 
         2 2 
         3 1 
         4 1 
DECAY     1009213     1.00000000E-05
     1.00000000E+00   3   -1   2   1000021
BLOCK QNUMBERS 1009213 # ~g_rho+ 
         1 3 
         2 2 
         3 1 
         4 1 
DECAY     1009313     1.00000000E-05
     1.00000000E+00   3   -1   3   1000021
BLOCK QNUMBERS 1009313 # ~g_K*0 
         1 0 
         2 2 
         3 1 
         4 1 
DECAY     1009323     1.00000000E-05
     1.00000000E+00   3   -2   3   1000021
BLOCK QNUMBERS 1009323 # ~g_K*+ 
         1 -3 
         2 2 
         3 1 
         4 1 
DECAY     1009113     1.00000000E-05
     1.00000000E+00   3   -1   1   1000021
BLOCK QNUMBERS 1009113 # ~g_rho0 
         1 0 
         2 2 
         3 1 
         4 1 
DECAY     1009223     1.00000000E-05
     1.00000000E+00   3   -2   2   1000021
BLOCK QNUMBERS 1009223 # ~g_omega 
         1 0 
         2 2 
         3 1 
         4 1 
DECAY     1009333     1.00000000E-05
     1.00000000E+00   3   -3   3   1000021
BLOCK QNUMBERS 1009333 # ~g_phi 
         1 0 
         2 2 
         3 1 
         4 1 
DECAY     1091114     1.00000000E-05
     1.0000000E+00   3   1103   1   1000021
BLOCK QNUMBERS 1091114 # ~g_Delta- 
         1 -3 
         2 2 
         3 1 
         4 1 
DECAY     1092114     1.00000000E-05
     1.0000000E+00   3   2103   1   1000021
BLOCK QNUMBERS 1092114 # ~g_Delta0 
         1 0 
         2 2 
         3 1 
         4 1 
DECAY     1092214     1.00000000E-05
     1.0000000E+00   3   2203   1   1000021
BLOCK QNUMBERS 1092214 # ~g_Delta+ 
         1 3 
         2 2 
         3 1 
         4 1 
DECAY     1092224     1.00000000E-05
     1.0000000E+00   3   2203   2   1000021
BLOCK QNUMBERS 1092224 # ~g_Delta++ 
         1 6 
         2 2 
         3 1 
         4 1 
DECAY     1093114     1.00000000E-05
     1.0000000E+00   3   3103   1   1000021
BLOCK QNUMBERS 1093114 # ~g_Sigma*- 
         1 -3 
         2 2 
         3 1 
         4 1 
DECAY     1093214     1.00000000E-05
     1.0000000E+00   3   3203   1   1000021
BLOCK QNUMBERS 1093214 # ~g_Sigma*0 
         1 0 
         2 2 
         3 1 
         4 1 
DECAY     1093224     1.00000000E-05
     1.0000000E+00   3   3203   2   1000021
BLOCK QNUMBERS 1093224 # ~g_Sigma*+ 
         1 3 
         2 2 
         3 1 
         4 1 
DECAY     1093314     1.00000000E-05
     1.0000000E+00   3   3303   1   1000021
BLOCK QNUMBERS 1093314 # ~g_Xi*- 
         1 -3 
         2 2 
         3 1 
         4 1 
DECAY     1093324     1.00000000E-05
     1.0000000E+00   3   3303   2   1000021
BLOCK QNUMBERS 1093324 # ~g_Xi*0  
         1 0 
         2 2 
         3 1 
         4 1 
DECAY     1093334     1.00000000E-05
     1.0000000E+00   3   3303   3   1000021
BLOCK QNUMBERS 1093334 # ~g_Omega- 
         1 -3 
         2 2 
         3 1 
         4 1 
BLOCK_MASS
   1000022    YYY
   1000023    ZZZ
   1000039      0.0
   17         XXX
   1000021    XXX
   1000006    XXX
   1000015    XXX
   1000993    AAA
   1009213    AAA
   1009313    AAA
   1009323    AAA
   1009113    AAA
   1009223    AAA
   1009333    AAA
   1091114    AAA
   1092114    AAA
   1092214    AAA
   1092224    AAA
   1093114    AAA
   1093214    AAA
   1093224    AAA
   1093314    AAA
   1093324    AAA
   1093334    AAA
   1000612    AAA
   1000622    AAA
   1000632    AAA
   1000642    AAA
   1000652    AAA
   1006113    AAA
   1006211    AAA
   1006213    AAA
   1006223    AAA
   1006311    AAA
   1006313    AAA
   1006321    AAA
   1006323    AAA
   1006333    AAA
   1000015    AAA
        17    AAA
