INJECTION SCHEME : Multi_55b_11_28_16_4bpi14inj

idx,inj Nbr,	Ring,RF Bucket,Bu Spac (ns),bu per PS batch,SPS Batch spac,PSbatch nbr
1,	1,	ring_1,	1,		0,		1,		1000,	3
2,	1,	ring_2,	1,		0,		1,		1000,	3
3,	2,	ring_2,	1201,		0,		1,		1000,	4
4,	2,	ring_1,	2211,		0,		1,		1000,	4
5,	3,	ring_2,	2801,		0,		1,		1000,	4
6,	3,	ring_1,	3811,		0,		1,		1000,	4
7,	4,	ring_2,	4401,		0,		1,		1000,	4
8,	4,	ring_1,	8741,		0,		1,		1000,	4
9,	5,	ring_2,	8741,		0,		1,		1000,	4
10,	5,	ring_1,	11111,		0,		1,		1000,	4
11,	6,	ring_1,	12711,		0,		1,		1000,	4
12,	7,	ring_1,	14311,		0,		1,		1000,	4
13,	6,	ring_2,	14491,		0,		1,		1000,	4
14,	8,	ring_1,	16091,		0,		1,		1000,	4
15,	7,	ring_2,	16091,		0,		1,		1000,	4
16,	9,	ring_1,	17991,		0,		1,		1000,	4
17,	8,	ring_2,	20021,		0,		1,		1000,	4
18,	9,	ring_2,	21621,		0,		1,		1000,	4
19,	10,	ring_2,	23221,		0,		1,		1000,	4
20,	10,	ring_1,	23431,		0,		1,		1000,	4
21,	11,	ring_1,	25031,		0,		1,		1000,	4
22,	11,	ring_2,	26901,		0,		1,		1000,	4
23,	12,	ring_1,	27931,		0,		1,		1000,	4
24,	12,	ring_2,	28911,		0,		1,		1000,	4
25,	13,	ring_1,	29531,		0,		1,		1000,	4
26,	13,	ring_2,	30511,		0,		1,		1000,	4
27,	14,	ring_1,	31131,		0,		1,		1000,	4
Bu Spac : space in ns between bunches in the same PS train
SPS Batch Spac : space in ns between 2 first bunches of consecutive PS trains in the SPS

Tot number of B1 bunches(probe/Nominal) : 0/55
Tot number of B2 bunches(probe/Nominal) : 0/55

Tot number of B1 injections : 14
Tot number of B2 injections : 13

Collisions at IP1&5: 11
B1-empty at IP1&5: 44
B2-empty at IP1&5: 40
Empty-empty at IP1&5: 3469

Collisions at IP2: 0
B1-empty at IP2: 55
B2-empty at IP2: 51
Empty-empty at IP2: 3458

Collisions at IP8: 0
B1-empty at IP8: 55
B2-empty at IP8: 51
Empty-empty at IP8: 3458

LONG RANGE COLL IN IR1
RFbucketbeam1,RFbucketbeam2,z-pos/m
1,1,0
401,401,0
801,801,0
8741,8741,0
9141,9141,0
9541,9541,0
9941,9941,0
16091,16091,0
16491,16491,0
16891,16891,0
17291,17291,0
27931,28101,63.64

LONG RANGE COLL IN IR2
RFbucketbeam1,RFbucketbeam2,z-pos/m
1,8741,-63.64
401,9141,-63.64
801,9541,-63.64
11111,20021,0
11511,20421,0
11911,20821,0
12311,21221,0
12711,21621,0
13111,22021,0
13511,22421,0
13911,22821,0
14311,23221,0
14711,23621,0
15111,24021,0
15511,24421,0
17991,26901,0
18391,27301,0
18791,27701,0
19191,28101,0
27931,1201,0
28331,1601,0
28731,2001,0
29131,2401,0
29531,2801,0
29931,3201,0
30331,3601,0
30731,4001,0
31131,4401,0
31531,4801,0
31931,5201,0
32331,5601,0

LONG RANGE COLL IN IR5
RFbucketbeam1,RFbucketbeam2,z-pos/m
1,1,0
401,401,0
801,801,0
8741,8741,0
9141,9141,0
9541,9541,0
9941,9941,0
16091,16091,0
16491,16491,0
16891,16891,0
17291,17291,0
27931,28101,63.64

LONG RANGE COLL IN IR8
RFbucketbeam1,RFbucketbeam2,z-pos/m
11111,2001,-63.64
11511,2401,-63.64
11911,2801,-63.64
12311,3201,-63.64
12711,3601,-63.64
13111,4001,-63.64
13511,4401,-63.64
13911,4801,-63.64
14311,5201,-63.64
14711,5601,-63.64
29131,20021,-63.64
29531,20421,-63.64
29931,20821,-63.64
30331,21221,-63.64
30731,21621,-63.64
31131,22021,-63.64
31531,22421,-63.64
31931,22821,-63.64
32331,23221,-63.64
2211,28911,0
2611,29311,0
3011,29711,0
3411,30111,0
3811,30511,0
4211,30911,0
4611,31311,0
5011,31711,0
23431,14491,0
23831,14891,0
24231,15291,0
24631,15691,0
25031,16091,0
25431,16491,0
25831,16891,0
26231,17291,0
17991,9141,33.69
18391,9541,33.69
18791,9941,33.69


LONG RANGE FOR BEAM 1
RFbucket,Slot,Head-On IP1,Head-On IP2,Head-On IP5,Head-On IP8,Head-On Tot,LR IP1,LR IP2,LR IP5,LR IP8,LR Tot
1,0,1,0,1,0,2,0,1,0,0,1
401,40,1,0,1,0,2,0,1,0,0,1
801,80,1,0,1,0,2,0,1,0,0,1
2211,221,0,0,0,1,1,0,0,0,0,0
2611,261,0,0,0,1,1,0,0,0,0,0
3011,301,0,0,0,1,1,0,0,0,0,0
3411,341,0,0,0,1,1,0,0,0,0,0
3811,381,0,0,0,1,1,0,0,0,0,0
4211,421,0,0,0,1,1,0,0,0,0,0
4611,461,0,0,0,1,1,0,0,0,0,0
5011,501,0,0,0,1,1,0,0,0,0,0
8741,874,1,0,1,0,2,0,0,0,0,0
9141,914,1,0,1,0,2,0,0,0,0,0
9541,954,1,0,1,0,2,0,0,0,0,0
9941,994,1,0,1,0,2,0,0,0,0,0
11111,1111,0,1,0,0,1,0,0,0,1,1
11511,1151,0,1,0,0,1,0,0,0,1,1
11911,1191,0,1,0,0,1,0,0,0,1,1
12311,1231,0,1,0,0,1,0,0,0,1,1
12711,1271,0,1,0,0,1,0,0,0,1,1
13111,1311,0,1,0,0,1,0,0,0,1,1
13511,1351,0,1,0,0,1,0,0,0,1,1
13911,1391,0,1,0,0,1,0,0,0,1,1
14311,1431,0,1,0,0,1,0,0,0,1,1
14711,1471,0,1,0,0,1,0,0,0,1,1
15111,1511,0,1,0,0,1,0,0,0,0,0
15511,1551,0,1,0,0,1,0,0,0,0,0
16091,1609,1,0,1,0,2,0,0,0,0,0
16491,1649,1,0,1,0,2,0,0,0,0,0
16891,1689,1,0,1,0,2,0,0,0,0,0
17291,1729,1,0,1,0,2,0,0,0,0,0
17991,1799,0,1,0,0,1,0,0,0,1,1
18391,1839,0,1,0,0,1,0,0,0,1,1
18791,1879,0,1,0,0,1,0,0,0,1,1
19191,1919,0,1,0,0,1,0,0,0,0,0
23431,2343,0,0,0,1,1,0,0,0,0,0
23831,2383,0,0,0,1,1,0,0,0,0,0
24231,2423,0,0,0,1,1,0,0,0,0,0
24631,2463,0,0,0,1,1,0,0,0,0,0
25031,2503,0,0,0,1,1,0,0,0,0,0
25431,2543,0,0,0,1,1,0,0,0,0,0
25831,2583,0,0,0,1,1,0,0,0,0,0
26231,2623,0,0,0,1,1,0,0,0,0,0
27931,2793,0,1,0,0,1,1,0,1,0,2
28331,2833,0,1,0,0,1,0,0,0,0,0
28731,2873,0,1,0,0,1,0,0,0,0,0
29131,2913,0,1,0,0,1,0,0,0,1,1
29531,2953,0,1,0,0,1,0,0,0,1,1
29931,2993,0,1,0,0,1,0,0,0,1,1
30331,3033,0,1,0,0,1,0,0,0,1,1
30731,3073,0,1,0,0,1,0,0,0,1,1
31131,3113,0,1,0,0,1,0,0,0,1,1
31531,3153,0,1,0,0,1,0,0,0,1,1
31931,3193,0,1,0,0,1,0,0,0,1,1
32331,3233,0,1,0,0,1,0,0,0,1,1

LONG RANGE FOR BEAM 2
RFbucket,Slot,Head-On IP1,Head-On IP2,Head-On IP5,Head-On IP8,Head-On Tot,LR IP1,LR IP2,LR IP5,LR IP8,LR Tot
1,0,1,0,1,0,2,0,0,0,0,0
401,40,1,0,1,0,2,0,0,0,0,0
801,80,1,0,1,0,2,0,0,0,0,0
1201,120,0,1,0,0,1,0,0,0,0,0
1601,160,0,1,0,0,1,0,0,0,0,0
2001,200,0,1,0,0,1,0,0,0,1,1
2401,240,0,1,0,0,1,0,0,0,1,1
2801,280,0,1,0,0,1,0,0,0,1,1
3201,320,0,1,0,0,1,0,0,0,1,1
3601,360,0,1,0,0,1,0,0,0,1,1
4001,400,0,1,0,0,1,0,0,0,1,1
4401,440,0,1,0,0,1,0,0,0,1,1
4801,480,0,1,0,0,1,0,0,0,1,1
5201,520,0,1,0,0,1,0,0,0,1,1
5601,560,0,1,0,0,1,0,0,0,1,1
8741,874,1,0,1,0,2,0,1,0,0,1
9141,914,1,0,1,0,2,0,1,0,1,2
9541,954,1,0,1,0,2,0,1,0,1,2
9941,994,1,0,1,0,2,0,0,0,1,1
14491,1449,0,0,0,1,1,0,0,0,0,0
14891,1489,0,0,0,1,1,0,0,0,0,0
15291,1529,0,0,0,1,1,0,0,0,0,0
15691,1569,0,0,0,1,1,0,0,0,0,0
16091,1609,1,0,1,1,3,0,0,0,0,0
16491,1649,1,0,1,1,3,0,0,0,0,0
16891,1689,1,0,1,1,3,0,0,0,0,0
17291,1729,1,0,1,1,3,0,0,0,0,0
20021,2002,0,1,0,0,1,0,0,0,1,1
20421,2042,0,1,0,0,1,0,0,0,1,1
20821,2082,0,1,0,0,1,0,0,0,1,1
21221,2122,0,1,0,0,1,0,0,0,1,1
21621,2162,0,1,0,0,1,0,0,0,1,1
22021,2202,0,1,0,0,1,0,0,0,1,1
22421,2242,0,1,0,0,1,0,0,0,1,1
22821,2282,0,1,0,0,1,0,0,0,1,1
23221,2322,0,1,0,0,1,0,0,0,1,1
23621,2362,0,1,0,0,1,0,0,0,0,0
24021,2402,0,1,0,0,1,0,0,0,0,0
24421,2442,0,1,0,0,1,0,0,0,0,0
26901,2690,0,1,0,0,1,0,0,0,0,0
27301,2730,0,1,0,0,1,0,0,0,0,0
27701,2770,0,1,0,0,1,0,0,0,0,0
28101,2810,0,1,0,0,1,1,0,1,0,2
28911,2891,0,0,0,1,1,0,0,0,0,0
29311,2931,0,0,0,1,1,0,0,0,0,0
29711,2971,0,0,0,1,1,0,0,0,0,0
30111,3011,0,0,0,1,1,0,0,0,0,0
30511,3051,0,0,0,1,1,0,0,0,0,0
30911,3091,0,0,0,1,1,0,0,0,0,0
31311,3131,0,0,0,1,1,0,0,0,0,0
31711,3171,0,0,0,1,1,0,0,0,0,0

HEAD ON COLLISIONS FOR B1
B1 bucket number,IP1,IP2,IP5,IP8
1,1,-,1,-
401,401,-,401,-
801,801,-,801,-
2211,-,-,-,28911
2611,-,-,-,29311
3011,-,-,-,29711
3411,-,-,-,30111
3811,-,-,-,30511
4211,-,-,-,30911
4611,-,-,-,31311
5011,-,-,-,31711
8741,8741,-,8741,-
9141,9141,-,9141,-
9541,9541,-,9541,-
9941,9941,-,9941,-
11111,-,20021,-,-
11511,-,20421,-,-
11911,-,20821,-,-
12311,-,21221,-,-
12711,-,21621,-,-
13111,-,22021,-,-
13511,-,22421,-,-
13911,-,22821,-,-
14311,-,23221,-,-
14711,-,23621,-,-
15111,-,24021,-,-
15511,-,24421,-,-
16091,16091,-,16091,-
16491,16491,-,16491,-
16891,16891,-,16891,-
17291,17291,-,17291,-
17991,-,26901,-,-
18391,-,27301,-,-
18791,-,27701,-,-
19191,-,28101,-,-
23431,-,-,-,14491
23831,-,-,-,14891
24231,-,-,-,15291
24631,-,-,-,15691
25031,-,-,-,16091
25431,-,-,-,16491
25831,-,-,-,16891
26231,-,-,-,17291
27931,-,1201,-,-
28331,-,1601,-,-
28731,-,2001,-,-
29131,-,2401,-,-
29531,-,2801,-,-
29931,-,3201,-,-
30331,-,3601,-,-
30731,-,4001,-,-
31131,-,4401,-,-
31531,-,4801,-,-
31931,-,5201,-,-
32331,-,5601,-,-

HEAD ON COLLISIONS FOR B2
B2 bucket number,IP1,IP2,IP5,IP8
1,1,-,1,-
401,401,-,401,-
801,801,-,801,-
1201,-,27931,-,-
1601,-,28331,-,-
2001,-,28731,-,-
2401,-,29131,-,-
2801,-,29531,-,-
3201,-,29931,-,-
3601,-,30331,-,-
4001,-,30731,-,-
4401,-,31131,-,-
4801,-,31531,-,-
5201,-,31931,-,-
5601,-,32331,-,-
8741,8741,-,8741,-
9141,9141,-,9141,-
9541,9541,-,9541,-
9941,9941,-,9941,-
14491,-,-,-,23431
14891,-,-,-,23831
15291,-,-,-,24231
15691,-,-,-,24631
16091,16091,-,16091,25031
16491,16491,-,16491,25431
16891,16891,-,16891,25831
17291,17291,-,17291,26231
20021,-,11111,-,-
20421,-,11511,-,-
20821,-,11911,-,-
21221,-,12311,-,-
21621,-,12711,-,-
22021,-,13111,-,-
22421,-,13511,-,-
22821,-,13911,-,-
23221,-,14311,-,-
23621,-,14711,-,-
24021,-,15111,-,-
24421,-,15511,-,-
26901,-,17991,-,-
27301,-,18391,-,-
27701,-,18791,-,-
28101,-,19191,-,-
28911,-,-,-,2211
29311,-,-,-,2611
29711,-,-,-,3011
30111,-,-,-,3411
30511,-,-,-,3811
30911,-,-,-,4211
31311,-,-,-,4611
31711,-,-,-,5011
