INJECTION SCHEME : Multi_56b-52b_32_16_8_4bpi14inj

idx,inj Nbr,	Ring,RF Bucket,Bu Spac (ns),bu per PS batch,SPS Batch spac,PSbatch nbr
1,	1,	ring_1,	1,		0,		1,		1000,	4
2,	1,	ring_2,	1,		0,		1,		1000,	4
3,	2,	ring_1,	1601,		0,		1,		1000,	4
4,	2,	ring_2,	1601,		0,		1,		1000,	4
5,	3,	ring_2,	3301,		0,		1,		1000,	4
6,	4,	ring_2,	4901,		0,		1,		1000,	4
7,	3,	ring_1,	5501,		0,		1,		1000,	4
8,	4,	ring_1,	7101,		0,		1,		1000,	4
9,	5,	ring_1,	8711,		0,		1,		1000,	4
10,	5,	ring_2,	8711,		0,		1,		1000,	4
11,	6,	ring_1,	10311,		0,		1,		1000,	4
12,	6,	ring_2,	10311,		0,		1,		1000,	4
13,	7,	ring_1,	12241,		0,		1,		1000,	4
14,	8,	ring_1,	13841,		0,		1,		1000,	4
15,	7,	ring_2,	14411,		0,		1,		1000,	4
16,	8,	ring_2,	16011,		0,		1,		1000,	4
17,	9,	ring_1,	17821,		0,		1,		1000,	4
18,	9,	ring_2,	17821,		0,		1,		1000,	4
19,	10,	ring_1,	19421,		0,		1,		1000,	4
20,	10,	ring_2,	19421,		0,		1,		1000,	4
21,	11,	ring_1,	21721,		0,		1,		1000,	4
22,	12,	ring_1,	26531,		0,		1,		1000,	4
23,	11,	ring_2,	26531,		0,		1,		1000,	4
24,	13,	ring_1,	28131,		0,		1,		1000,	4
25,	12,	ring_2,	28131,		0,		1,		1000,	4
26,	14,	ring_1,	30031,		0,		1,		1000,	4
27,	13,	ring_2,	30631,		0,		1,		1000,	4
Bu Spac : space in ns between bunches in the same PS train
SPS Batch Spac : space in ns between 2 first bunches of consecutive PS trains in the SPS

Tot number of B1 bunches(probe/Nominal) : 0/56
Tot number of B2 bunches(probe/Nominal) : 0/56

Tot number of B1 injections : 14
Tot number of B2 injections : 13

Collisions at IP1&5: 32
B1-empty at IP1&5: 24
B2-empty at IP1&5: 20
Empty-empty at IP1&5: 3488

Collisions at IP2: 16
B1-empty at IP2: 40
B2-empty at IP2: 36
Empty-empty at IP2: 3472

Collisions at IP8: 8
B1-empty at IP8: 48
B2-empty at IP8: 44
Empty-empty at IP8: 3464

LONG RANGE COLL IN IR1
RFbucketbeam1,RFbucketbeam2,z-pos/m
1,1,0
401,401,0
801,801,0
1201,1201,0
1601,1601,0
2001,2001,0
2401,2401,0
2801,2801,0
8711,8711,0
9111,9111,0
9511,9511,0
9911,9911,0
10311,10311,0
10711,10711,0
11111,11111,0
11511,11511,0
17821,17821,0
18221,18221,0
18621,18621,0
19021,19021,0
19421,19421,0
19821,19821,0
20221,20221,0
20621,20621,0
26531,26531,0
26931,26931,0
27331,27331,0
27731,27731,0
28131,28131,0
28531,28531,0
28931,28931,0
29331,29331,0
14241,14411,63.64
14641,14811,63.64
15041,15211,63.64

LONG RANGE COLL IN IR2
RFbucketbeam1,RFbucketbeam2,z-pos/m
5501,14411,0
5901,14811,0
6301,15211,0
6701,15611,0
7101,16011,0
7501,16411,0
7901,16811,0
8301,17211,0
21721,30631,0
22121,31031,0
22521,31431,0
22921,31831,0
30031,3301,0
30431,3701,0
30831,4101,0
31231,4501,0

LONG RANGE COLL IN IR5
RFbucketbeam1,RFbucketbeam2,z-pos/m
1,1,0
401,401,0
801,801,0
1201,1201,0
1601,1601,0
2001,2001,0
2401,2401,0
2801,2801,0
8711,8711,0
9111,9111,0
9511,9511,0
9911,9911,0
10311,10311,0
10711,10711,0
11111,11111,0
11511,11511,0
17821,17821,0
18221,18221,0
18621,18621,0
19021,19021,0
19421,19421,0
19821,19821,0
20221,20221,0
20621,20621,0
26531,26531,0
26931,26931,0
27331,27331,0
27731,27731,0
28131,28131,0
28531,28531,0
28931,28931,0
29331,29331,0
14241,14411,63.64
14641,14811,63.64
15041,15211,63.64

LONG RANGE COLL IN IR8
RFbucketbeam1,RFbucketbeam2,z-pos/m
1,26531,-63.64
401,26931,-63.64
801,27331,-63.64
1201,27731,-63.64
1601,28131,-63.64
2001,28531,-63.64
2401,28931,-63.64
2801,29331,-63.64
9111,1,-63.64
9511,401,-63.64
9911,801,-63.64
10311,1201,-63.64
10711,1601,-63.64
11111,2001,-63.64
11511,2401,-63.64
17821,8711,-63.64
18221,9111,-63.64
18621,9511,-63.64
19021,9911,-63.64
19421,10311,-63.64
19821,10711,-63.64
20221,11111,-63.64
20621,11511,-63.64
26931,17821,-63.64
27331,18221,-63.64
27731,18621,-63.64
28131,19021,-63.64
28531,19421,-63.64
28931,19821,-63.64
29331,20221,-63.64
12241,3301,0
12641,3701,0
13041,4101,0
13441,4501,0
13841,4901,0
14241,5301,0
14641,5701,0
15041,6101,0


LONG RANGE FOR BEAM 1
RFbucket,Slot,Head-On IP1,Head-On IP2,Head-On IP5,Head-On IP8,Head-On Tot,LR IP1,LR IP2,LR IP5,LR IP8,LR Tot
1,0,1,0,1,0,2,0,0,0,1,1
401,40,1,0,1,0,2,0,0,0,1,1
801,80,1,0,1,0,2,0,0,0,1,1
1201,120,1,0,1,0,2,0,0,0,1,1
1601,160,1,0,1,0,2,0,0,0,1,1
2001,200,1,0,1,0,2,0,0,0,1,1
2401,240,1,0,1,0,2,0,0,0,1,1
2801,280,1,0,1,0,2,0,0,0,1,1
5501,550,0,1,0,0,1,0,0,0,0,0
5901,590,0,1,0,0,1,0,0,0,0,0
6301,630,0,1,0,0,1,0,0,0,0,0
6701,670,0,1,0,0,1,0,0,0,0,0
7101,710,0,1,0,0,1,0,0,0,0,0
7501,750,0,1,0,0,1,0,0,0,0,0
7901,790,0,1,0,0,1,0,0,0,0,0
8301,830,0,1,0,0,1,0,0,0,0,0
8711,871,1,0,1,0,2,0,0,0,0,0
9111,911,1,0,1,0,2,0,0,0,1,1
9511,951,1,0,1,0,2,0,0,0,1,1
9911,991,1,0,1,0,2,0,0,0,1,1
10311,1031,1,0,1,0,2,0,0,0,1,1
10711,1071,1,0,1,0,2,0,0,0,1,1
11111,1111,1,0,1,0,2,0,0,0,1,1
11511,1151,1,0,1,0,2,0,0,0,1,1
12241,1224,0,0,0,1,1,0,0,0,0,0
12641,1264,0,0,0,1,1,0,0,0,0,0
13041,1304,0,0,0,1,1,0,0,0,0,0
13441,1344,0,0,0,1,1,0,0,0,0,0
13841,1384,0,0,0,1,1,0,0,0,0,0
14241,1424,0,0,0,1,1,1,0,1,0,2
14641,1464,0,0,0,1,1,1,0,1,0,2
15041,1504,0,0,0,1,1,1,0,1,0,2
17821,1782,1,0,1,0,2,0,0,0,1,1
18221,1822,1,0,1,0,2,0,0,0,1,1
18621,1862,1,0,1,0,2,0,0,0,1,1
19021,1902,1,0,1,0,2,0,0,0,1,1
19421,1942,1,0,1,0,2,0,0,0,1,1
19821,1982,1,0,1,0,2,0,0,0,1,1
20221,2022,1,0,1,0,2,0,0,0,1,1
20621,2062,1,0,1,0,2,0,0,0,1,1
21721,2172,0,1,0,0,1,0,0,0,0,0
22121,2212,0,1,0,0,1,0,0,0,0,0
22521,2252,0,1,0,0,1,0,0,0,0,0
22921,2292,0,1,0,0,1,0,0,0,0,0
26531,2653,1,0,1,0,2,0,0,0,0,0
26931,2693,1,0,1,0,2,0,0,0,1,1
27331,2733,1,0,1,0,2,0,0,0,1,1
27731,2773,1,0,1,0,2,0,0,0,1,1
28131,2813,1,0,1,0,2,0,0,0,1,1
28531,2853,1,0,1,0,2,0,0,0,1,1
28931,2893,1,0,1,0,2,0,0,0,1,1
29331,2933,1,0,1,0,2,0,0,0,1,1
30031,3003,0,1,0,0,1,0,0,0,0,0
30431,3043,0,1,0,0,1,0,0,0,0,0
30831,3083,0,1,0,0,1,0,0,0,0,0
31231,3123,0,1,0,0,1,0,0,0,0,0

LONG RANGE FOR BEAM 2
RFbucket,Slot,Head-On IP1,Head-On IP2,Head-On IP5,Head-On IP8,Head-On Tot,LR IP1,LR IP2,LR IP5,LR IP8,LR Tot
1,0,1,0,1,0,2,0,0,0,1,1
401,40,1,0,1,0,2,0,0,0,1,1
801,80,1,0,1,0,2,0,0,0,1,1
1201,120,1,0,1,0,2,0,0,0,1,1
1601,160,1,0,1,0,2,0,0,0,1,1
2001,200,1,0,1,0,2,0,0,0,1,1
2401,240,1,0,1,0,2,0,0,0,1,1
2801,280,1,0,1,0,2,0,0,0,0,0
3301,330,0,1,0,1,2,0,0,0,0,0
3701,370,0,1,0,1,2,0,0,0,0,0
4101,410,0,1,0,1,2,0,0,0,0,0
4501,450,0,1,0,1,2,0,0,0,0,0
4901,490,0,0,0,1,1,0,0,0,0,0
5301,530,0,0,0,1,1,0,0,0,0,0
5701,570,0,0,0,1,1,0,0,0,0,0
6101,610,0,0,0,1,1,0,0,0,0,0
8711,871,1,0,1,0,2,0,0,0,1,1
9111,911,1,0,1,0,2,0,0,0,1,1
9511,951,1,0,1,0,2,0,0,0,1,1
9911,991,1,0,1,0,2,0,0,0,1,1
10311,1031,1,0,1,0,2,0,0,0,1,1
10711,1071,1,0,1,0,2,0,0,0,1,1
11111,1111,1,0,1,0,2,0,0,0,1,1
11511,1151,1,0,1,0,2,0,0,0,1,1
14411,1441,0,1,0,0,1,1,0,1,0,2
14811,1481,0,1,0,0,1,1,0,1,0,2
15211,1521,0,1,0,0,1,1,0,1,0,2
15611,1561,0,1,0,0,1,0,0,0,0,0
16011,1601,0,1,0,0,1,0,0,0,0,0
16411,1641,0,1,0,0,1,0,0,0,0,0
16811,1681,0,1,0,0,1,0,0,0,0,0
17211,1721,0,1,0,0,1,0,0,0,0,0
17821,1782,1,0,1,0,2,0,0,0,1,1
18221,1822,1,0,1,0,2,0,0,0,1,1
18621,1862,1,0,1,0,2,0,0,0,1,1
19021,1902,1,0,1,0,2,0,0,0,1,1
19421,1942,1,0,1,0,2,0,0,0,1,1
19821,1982,1,0,1,0,2,0,0,0,1,1
20221,2022,1,0,1,0,2,0,0,0,1,1
20621,2062,1,0,1,0,2,0,0,0,0,0
26531,2653,1,0,1,0,2,0,0,0,1,1
26931,2693,1,0,1,0,2,0,0,0,1,1
27331,2733,1,0,1,0,2,0,0,0,1,1
27731,2773,1,0,1,0,2,0,0,0,1,1
28131,2813,1,0,1,0,2,0,0,0,1,1
28531,2853,1,0,1,0,2,0,0,0,1,1
28931,2893,1,0,1,0,2,0,0,0,1,1
29331,2933,1,0,1,0,2,0,0,0,1,1
30631,3063,0,1,0,0,1,0,0,0,0,0
31031,3103,0,1,0,0,1,0,0,0,0,0
31431,3143,0,1,0,0,1,0,0,0,0,0
31831,3183,0,1,0,0,1,0,0,0,0,0

HEAD ON COLLISIONS FOR B1
B1 bucket number,IP1,IP2,IP5,IP8
1,1,-,1,-
401,401,-,401,-
801,801,-,801,-
1201,1201,-,1201,-
1601,1601,-,1601,-
2001,2001,-,2001,-
2401,2401,-,2401,-
2801,2801,-,2801,-
5501,-,14411,-,-
5901,-,14811,-,-
6301,-,15211,-,-
6701,-,15611,-,-
7101,-,16011,-,-
7501,-,16411,-,-
7901,-,16811,-,-
8301,-,17211,-,-
8711,8711,-,8711,-
9111,9111,-,9111,-
9511,9511,-,9511,-
9911,9911,-,9911,-
10311,10311,-,10311,-
10711,10711,-,10711,-
11111,11111,-,11111,-
11511,11511,-,11511,-
12241,-,-,-,3301
12641,-,-,-,3701
13041,-,-,-,4101
13441,-,-,-,4501
13841,-,-,-,4901
14241,-,-,-,5301
14641,-,-,-,5701
15041,-,-,-,6101
17821,17821,-,17821,-
18221,18221,-,18221,-
18621,18621,-,18621,-
19021,19021,-,19021,-
19421,19421,-,19421,-
19821,19821,-,19821,-
20221,20221,-,20221,-
20621,20621,-,20621,-
21721,-,30631,-,-
22121,-,31031,-,-
22521,-,31431,-,-
22921,-,31831,-,-
26531,26531,-,26531,-
26931,26931,-,26931,-
27331,27331,-,27331,-
27731,27731,-,27731,-
28131,28131,-,28131,-
28531,28531,-,28531,-
28931,28931,-,28931,-
29331,29331,-,29331,-
30031,-,3301,-,-
30431,-,3701,-,-
30831,-,4101,-,-
31231,-,4501,-,-

HEAD ON COLLISIONS FOR B2
B2 bucket number,IP1,IP2,IP5,IP8
1,1,-,1,-
401,401,-,401,-
801,801,-,801,-
1201,1201,-,1201,-
1601,1601,-,1601,-
2001,2001,-,2001,-
2401,2401,-,2401,-
2801,2801,-,2801,-
3301,-,30031,-,12241
3701,-,30431,-,12641
4101,-,30831,-,13041
4501,-,31231,-,13441
4901,-,-,-,13841
5301,-,-,-,14241
5701,-,-,-,14641
6101,-,-,-,15041
8711,8711,-,8711,-
9111,9111,-,9111,-
9511,9511,-,9511,-
9911,9911,-,9911,-
10311,10311,-,10311,-
10711,10711,-,10711,-
11111,11111,-,11111,-
11511,11511,-,11511,-
14411,-,5501,-,-
14811,-,5901,-,-
15211,-,6301,-,-
15611,-,6701,-,-
16011,-,7101,-,-
16411,-,7501,-,-
16811,-,7901,-,-
17211,-,8301,-,-
17821,17821,-,17821,-
18221,18221,-,18221,-
18621,18621,-,18621,-
19021,19021,-,19021,-
19421,19421,-,19421,-
19821,19821,-,19821,-
20221,20221,-,20221,-
20621,20621,-,20621,-
26531,26531,-,26531,-
26931,26931,-,26931,-
27331,27331,-,27331,-
27731,27731,-,27731,-
28131,28131,-,28131,-
28531,28531,-,28531,-
28931,28931,-,28931,-
29331,29331,-,29331,-
30631,-,21721,-,-
31031,-,22121,-,-
31431,-,22521,-,-
31831,-,22921,-,-
