m_mchamp (GeV)  e_reco    xs (pb)           effLumi       expBG		eBGerr		obs	obsLim   expLim   expLo1   expHi1   expLo2   expHi2

400             0.00029   9.4800000000E+01  13673.9       0.50            0.40            0 2.6876    2.6890    2.6876    4.4318    2.6470    6.1150
600             0.00041   9.0700000000E+00  13673.9       0.50            0.40            0 2.7052    2.7052    2.7052    4.4423    2.7191    6.2705
800             0.00062   1.4700000000E+00  13673.9       0.50            0.40            0 2.4599    2.4599    2.4599    3.8322    2.6978    6.1858
1000            0.00050   3.2000000000E-01  13673.9       0.50            0.40            0 2.7002    2.7162    2.7002    3.9544    2.6491    6.3418
1200            0.00046   8.3600000000E-02  13673.9       0.50            0.40            0 2.6524    2.6628    2.6524    4.1660    2.6255    6.0332
1400            0.00063   2.4700000000E-02  13673.9       0.50            0.40            0 2.6388    2.7311    2.6388    3.9232    2.6690    6.0593
1600            0.00062   7.9600000000E-03  13673.9       0.50            0.40            0 2.6848    2.7417    2.6848    3.8097    2.5220    6.2022
1800            0.00051   2.7300000000E-03  13673.9       0.50            0.40            0 2.6349    2.6766    2.6349    3.6707    2.6948    6.0419
2000            0.00047   9.7400000000E-04  13673.9       0.50            0.40            0 2.6691    2.6488    2.6691    3.6535    2.6483    5.9599
2200            0.00071   3.5800000000E-04  13673.9       0.50            0.40            0 2.7211    2.6910    2.7211    3.9241    2.6328    5.9838
2400            0.00063   1.3400000000E-04  13673.9       0.50            0.40            0 2.6979    2.8562    2.6979    4.6811    2.6796    6.1684
2600            0.00066   5.0300000000E-05  13673.9       0.50            0.40            0 2.5997    2.5997    2.5997    3.8264    2.7050    6.0529
