m_mchamp (GeV) e_reco    xs (pb)           effLumi  expBG    eBGerr   obs     obsLim  expLim  expLo1  expHi1  expLo2  expHi2

400            0.00034   9.4800000000E+01  1396.75  9.00002  21.1001  0       3.23486 9.86481 3.23486 10.7281 3.23486 25.3192 
600            0.00036   9.0700000000E+00  1396.75  4.99999  11.5999  0       3.23425 7.26196 3.23425 9.35812 3.23425 21.4325 
800            0.00071   1.4700000000E+00  1396.75  4.99999  11.5999  0       3.23425 7.26196 3.23425 9.35812 3.23425 21.4325 
1000           0.00053   3.2000000000E-01  1396.75  1.69999  4.0      0       3.24402 4.6936  3.24402 6.17197 3.24402 12.3099 
1200           0.00058   8.3600000000E-02  1396.75  1.69999  4.0      0       3.24402 4.6936  3.24402 6.17197 3.24402 12.3099 
1400           0.00080   2.4700000000E-02  1396.75  1.69999  4.0      0       3.24402 4.6936  3.24402 6.17197 3.24402 12.3099 
1600           0.00084   7.9600000000E-03  1396.75  1.69999  4.0      0       3.24402 4.6936  3.24402 6.17197 3.24402 12.3099 
1800           0.00079   2.7300000000E-03  1396.75  1.69999  4.0      0       3.24402 4.6936  3.24402 6.17197 3.24402 12.3099 
2000           0.00067   9.7400000000E-04  1396.75  0.53999  1.24999  0       3.26172 3.26172 3.26172 4.39261 3.26172 7.3964  
2200           0.00080   3.5800000000E-04  1396.75  0.53999  1.24999  0       3.26172 3.26172 3.26172 4.39261 3.26172 7.3964  
2400           0.00080   1.3400000000E-04  1396.75  0.53999  1.24999  0       3.26172 3.26172 3.26172 4.39261 3.26172 7.3964  
2600           0.00101   5.0300000000E-05  1396.75  0.53999  1.24999  0       3.26172 3.26172 3.26172 4.39261 3.26172 7.3964  



