m_mchamp (GeV)  e_reco    xs (pb)           effLumi       expBG		eBGerr		obs	obsLim   expLim   expLo1   expHi1   expLo2   expHi2

400             0.00029   9.4800000000E+01  13673.9       0.000100001     11.0001	1       4.23706 3.05786 3.05786 15.2696 3.05786 36.3727 
600             0.00043   9.0700000000E+00  13673.9       0.000100001     5.69994 	1       4.26636 3.05298 3.05298 9.96129 3.05298 22.139  
800             0.00061   1.4700000000E+00  13673.9       0.000100001     5.69994 	1       4.26636 3.05298 3.05298 9.96129 3.05298 22.139  
1000            0.00058   3.2000000000E-01  13673.9       0.000100001     4.6001  	1       4.28528 3.05359 3.05359 8.68924 3.05359 18.8302 
1200            0.00043   8.3600000000E-02  13673.9       0.000100001     1.5     	1       4.43237 3.06396 3.06396 5.10738 3.06396 9.54215 
1400            0.00066   2.4700000000E-02  13673.9       0.000100001     1.5     	1       4.43237 3.06396 3.06396 5.10738 3.06396 9.54215 
1600            0.00074   7.9600000000E-03  13673.9       0.760006        1.92001 	0       3.06    5.00548 3.20388 6.7686  3.08228 9.91809
1800            0.00064   2.7300000000E-03  13673.9       0.560009        1.41001 	0       3.06    4.55524 3.0835  6.08403 3.0835  8.81553 
2000            0.00062   9.7400000000E-04  13673.9       0.509999        1.27001 	0       3.06    4.44558 3.08655 5.95104 3.08655 8.56948 
2200            0.00083   3.5800000000E-04  13673.9       0.509999        1.27001 	0       3.06    4.44558 3.08655 5.95104 3.08655 8.56948 
2400            0.00078   1.3400000000E-04  13673.9       0.380003        0.939991      0       3.06    4.14142 3.08777 5.40362 3.08777 7.76074
2600            0.00088   5.0300000000E-05  13673.9       0.380003        0.939991      0       3.06    4.14142 3.08777 5.40362 3.08777 7.76074
