5e-08 269.485 0 0.0145063 0.0116038 0    2.71018   2.71018   2.71018   2.71018   2.66777   2.84528
7.5e-08 643.951 0 0.0288819 0.0231031 0    2.76583   2.76583   2.76583   2.76583   2.51505   4.03642
1e-07 1265.69 0 0.0576306 0.0460996 0    2.77989   2.77989   2.77989   2.77989   2.73134   4.18214
2e-07 3044.05 0 0.117433 0.0939363 0    2.65334   2.65334   2.65334   3.54899   2.73150   4.10370
5e-07 6708.85 0 0.241769 0.193395 0    2.69454   2.69454   2.69454   4.11384   2.74850   5.39141
7e-07 8665.27 0 0.323713 0.258943 0    2.73955   2.73955   2.73955   4.12984   2.69588   5.53891
1e-06 9952.51 0 0.358738 0.28696 0    2.82017   2.82017   2.82017   4.08310   2.70840   5.65695
2e-06 11585.7 0 0.408136 0.326474 0    3.07561   3.07561   3.07561   3.95226   2.74228   5.85741
5e-06 12755 0 0.461854 0.369444 0    3.05185   3.05185   3.05185   3.90933   3.04954   6.32381
7e-06 13122 0 0.484216 0.387332 0    3.11023   3.11023   3.11023   4.42684   3.13963   6.41220
1e-05 13340.6 0 0.493498 0.394756 0    3.18554   3.18554   3.18554   3.98339   3.14191   6.29820
3e-05 13632.4 0 0.500099 0.400037 0    3.26211   3.26211   3.26211   3.72201   3.21249   6.40457
4e-05 13661.7 0 0.500099 0.400037 0    3.20737   3.20737   3.20737   4.24923   3.21497   6.43303
5e-05 13666.4 0 0.500099 0.400037 0    3.20848   3.20848   3.20848   4.25318   3.21608   6.42510
7e-05 13672.6 0 0.500099 0.400037 0    3.20993   3.20993   3.20993   4.25511   3.21923   6.43256
0.0001 13672.8 0 0.500099 0.400037 0    3.20998   3.20998   3.20998   4.25517   3.21928   6.44132
0.0002 13667.4 0 0.500099 0.400037 0    3.20871   3.20871   3.20871   4.25349   3.21632   6.43411
0.0005 13676.1 0 0.500099 0.400037 0    3.21075   3.21075   3.21075   4.25620   3.22005   6.40389
0.0007 13665.1 0 0.500099 0.400037 0    3.20817   3.20817   3.20817   4.24208   3.21577   6.43562
0.001 13673.5 0 0.500099 0.400037 0    3.21014   3.21014   3.21014   4.25539   3.21944   6.42700
0.006 13672.2 0 0.500099 0.400037 0    3.20984   3.20984   3.20984   4.25498   3.21914   6.44103
0.01 13668.9 0 0.500099 0.400037 0    3.20906   3.20906   3.20906   4.25396   3.21667   6.43786
1 13673.9 0 0.500099 0.400037 0    3.21024   3.21024   3.21024   4.25551   3.21954   6.43106
500 13653 0 0.500099 0.400037 0    3.20536   3.20536   3.20536   4.12466   3.21932   6.44952
1000 13547.6 0 0.500099 0.400037 0    3.24951   3.24951   3.24951   4.49399   3.20357   6.43690
2000 13309.9 0 0.500099 0.400037 0    3.11815   3.11815   3.11815   4.16897   3.11618   6.29056
3600 12934 0 0.500099 0.400037 0    3.07638   3.07386   3.07638   4.24329   3.09483   6.39648
10000 11753.3 0 0.500099 0.400037 0    2.79639   2.88172   2.79639   4.17458   2.61564   6.36586
20000 10617.4 0 0.500099 0.400037 0    2.73765   2.73765   2.73765   4.37627   2.66268   6.38337
50000 9182.14 0 0.500099 0.400037 0    2.79294   2.77268   2.79294   3.98893   2.67861   6.50635
70000 8722.46 0 0.500099 0.400037 0    2.81913   2.84153   2.81913   4.23932   2.74353   6.57890
100000 8260.23 0 0.500099 0.400037 0    2.70808   2.73659   2.70808   4.25641   2.72286   6.59780
200000 7390.02 0 0.500099 0.400037 0    2.77127   2.75750   2.77127   4.23502   2.70762   6.54993
500000 6315.53 0 0.500099 0.400037 0    2.74679   2.78704   2.74679   3.97673   2.71952   6.62281
700000 5964.43 0 0.500099 0.400037 0    2.76241   2.84085   2.76241   4.27936   2.69121   6.46310
1e+06 5608.04 0 0.500099 0.400037 0    2.84705   2.84705   2.84705   4.40192   2.71097   6.56597
