5e-08 269.485 0 0.0145063 0.0116038 0    2.82074   2.82074   2.82074   2.82074   2.75909   3.49564
7.5e-08 643.951 0 0.0288819 0.0231031 0    2.76114   2.76114   2.76114   2.76114   2.78917   4.07159
1e-07 1265.69 0 0.0576306 0.0460996 0    2.76099   2.76099   2.76099   2.76099   2.78421   4.19327
2e-07 3044.05 0 0.117433 0.0939363 0    2.74695   2.74695   2.74695   3.60223   2.77470   4.08937
5e-07 6708.85 0 0.241769 0.193395 0    2.75520   2.75520   2.75520   4.25673   2.75004   5.48132
1e-06 9952.51 0 0.358738 0.28696 0    2.76069   2.76069   2.76069   4.09216   2.76162   6.01830
2e-06 11585.7 0 0.408136 0.326474 0    3.15525   3.15525   3.15525   4.08266   3.17986   5.44738
7e-06 13122 0 0.484216 0.387332 0    3.58520   3.58520   3.58520   4.28154   3.50260   6.52629
3e-05 13632.4 0 0.500099 0.400037 0    3.70308   3.70308   3.70308   4.43193   3.70056   6.32775
4e-05 13661.7 0 0.500099 0.400037 0    3.71104   3.71104   3.71104   4.43147   3.70851   6.48603
5e-05 13666.4 0 0.500099 0.400037 0    3.71232   3.71232   3.71232   4.41533   3.70979   6.49651
7e-05 13672.6 0 0.500099 0.400037 0    3.71362   3.71362   3.71362   4.37052   3.71147   6.49150
0.0001 13672.8 0 0.500099 0.400037 0    3.71368   3.71368   3.71368   4.37059   3.71152   6.48805
0.0002 13667.4 0 0.500099 0.400037 0    3.71259   3.71259   3.71259   4.41565   3.71006   6.49346
0.0005 13676.1 0 0.500099 0.400037 0    3.71457   3.71457   3.71457   4.37164   3.71242   6.48961
0.0007 13665.1 0 0.500099 0.400037 0    3.71197   3.71197   3.71197   4.41491   3.70943   6.49590
0.001 13673.5 0 0.500099 0.400037 0    3.71387   3.71387   3.71387   4.36949   3.71171   6.47849
0.006 13672.2 0 0.500099 0.400037 0    3.71389   3.71389   3.71389   4.36907   3.71136   6.49131
0.01 13668.9 0 0.500099 0.400037 0    3.71300   3.71300   3.71300   4.41614   3.71047   6.49198
1 13673.9 0 0.500099 0.400037 0    3.71398   3.71398   3.71398   4.37094   3.71182   6.48857
500 13653 0 0.500099 0.400037 0    3.70868   3.70868   3.70868   4.42507   3.70615   6.18602
3600 12934 0 0.500099 0.400037 0    3.53045   3.53045   3.53045   4.48541   3.53597   6.43939
10000 11753.3 0 0.500099 0.400037 0    3.16845   3.16845   3.16845   4.32527   3.19078   6.51945
20000 10617.4 0 0.500099 0.400037 0    2.75207   2.75207   2.75207   4.04369   2.76653   6.59814
50000 9182.14 0 0.500099 0.400037 0    2.77548   2.77548   2.77548   4.41425   2.76681   6.56232
70000 8722.46 0 0.500099 0.400037 0    2.76575   2.76575   2.76575   4.31143   2.73434   6.62225
100000 8260.23 0 0.500099 0.400037 0    2.83633   2.83633   2.83633   4.34868   2.71392   6.72219
200000 7390.02 0 0.500099 0.400037 0    2.79604   2.79604   2.79604   4.42635   2.78954   6.56689
500000 6315.53 0 0.500099 0.400037 0    2.80576   2.83188   2.80576   4.26504   2.77418   6.72622
700000 5964.43 0 0.500099 0.400037 0    2.80343   2.83712   2.80343   4.05012   2.78250   6.75608
1e+06 5608.04 0 0.500099 0.400037 0    2.88369   2.83348   2.88369   4.19065   2.82543   6.72959
