5e-08 269.485 0 0.0145063 0.0116038 0    0.80846   0.80846   0.80846   0.80846   0.80846   0.80846
7.5e-08 643.951 0 0.0288819 0.0231031 0    1.93185   1.93185   1.93185   1.93185   1.93185   4.48380
1e-07 1265.69 0 0.0576306 0.0460996 0    2.84144   2.84144   2.84144   2.84144   2.84144   3.79707
2e-07 3044.05 0 0.117433 0.0939363 0    2.87162   2.87162   2.87162   2.87162   2.87162   4.46239
5e-07 6708.85 0 0.241769 0.193395 0    2.83780   2.83780   2.83780   4.32838   2.83780   5.64335
7e-07 8665.27 0 0.323713 0.258943 0    2.82893   2.82893   2.82893   4.20735   2.82893   5.68021
1e-06 9952.51 0 0.358738 0.28696 0    2.84147   2.84147   2.84147   4.18684   2.84147   5.57545
2e-06 11585.7 0 0.408136 0.326474 0    2.85045   2.85045   2.85045   4.09674   2.85045   6.29718
5e-06 12755 0 0.461854 0.369444 0    2.81247   2.81247   2.81247   4.01636   2.81247   6.70824
7e-06 13122 0 0.484216 0.387332 0    2.72549   2.72549   2.72549   3.96995   2.72549   6.63691
1e-05 13340.6 0 0.493498 0.394756 0    2.77132   2.77132   2.77132   4.02510   2.77132   6.60020
3e-05 13632.4 0 0.500099 0.400037 0    2.77149   2.77149   2.77149   3.97714   2.77149   6.56294
4e-05 13661.7 0 0.500099 0.400037 0    2.75131   2.75131   2.75131   3.98189   2.75131   6.62860
5e-05 13666.4 0 0.500099 0.400037 0    2.72206   2.72206   2.72206   3.98079   2.72206   6.64967
7e-05 13672.6 0 0.500099 0.400037 0    2.72094   2.72094   2.72094   4.03491   2.72094   6.64362
0.0001 13672.8 0 0.500099 0.400037 0    2.70768   2.70768   2.70768   4.01809   2.70768   6.64372
0.0002 13667.4 0 0.500099 0.400037 0    2.64993   2.64993   2.64993   3.95711   2.64993   6.65015
0.0005 13676.1 0 0.500099 0.400037 0    2.73697   2.73697   2.73697   4.01685   2.73697   6.65149
0.0007 13665.1 0 0.500099 0.400037 0    2.67045   2.67045   2.67045   3.95687   2.67045   6.64239
0.001 13673.5 0 0.500099 0.400037 0    2.68477   2.68477   2.68477   3.98969   2.68477   6.64439
0.006 13672.2 0 0.500099 0.400037 0    2.65629   2.65629   2.65629   4.01179   2.65629   6.64342
0.01 13668.9 0 0.500099 0.400037 0    2.65022   2.65022   2.65022   3.95754   2.65022   6.64501
1 13673.9 0 0.500099 0.400037 0    2.66139   2.66139   2.66139   3.99167   2.66139   6.64787
500 13653 0 0.500099 0.400037 0    2.73098   2.73098   2.73098   3.98981   2.73098   6.63271
1000 13547.6 0 0.500099 0.400037 0    2.74485   2.74485   2.74485   3.99742   2.74485   6.53101
2000 13309.9 0 0.500099 0.400037 0    2.72390   2.72390   2.72390   3.99628   2.72390   6.50500
3600 12934 0 0.500099 0.400037 0    2.81928   2.81928   2.81928   4.05246   2.81928   6.64006
10000 11753.3 0 0.500099 0.400037 0    2.78081   2.78081   2.78081   4.11654   2.78081   6.75721
20000 10617.4 0 0.500099 0.400037 0    2.82337   2.82337   2.82337   4.07105   2.82337   6.82290
50000 9182.14 0 0.500099 0.400037 0    2.82405   2.82405   2.82405   3.99738   2.82405   6.83046
70000 8722.46 0 0.500099 0.400037 0    2.78179   2.78179   2.78179   4.06755   2.78179   6.88603
100000 8260.23 0 0.500099 0.400037 0    2.90908   2.90908   2.90908   4.13462   2.90908   6.96552
200000 7390.02 0 0.500099 0.400037 0    2.82526   2.82526   2.82526   4.11085   2.82526   6.79135
500000 6315.53 0 0.500099 0.400037 0    2.78156   2.78156   2.78156   4.14267   2.78156   6.95725
700000 5964.43 0 0.500099 0.400037 0    2.76232   2.76232   2.76232   4.09786   2.76232   6.86032
1e+06 5608.04 0 0.500099 0.400037 0    2.89580   2.89580   2.89580   4.18862   2.89580   6.86076
