Fill  Injection Scheme                                  Runs
5722  25ns_336b_336_210_252_12bpi_28inj                 295436,295437,295438,295439,295440,295441,295442,295443,295444,295445,295446,295447,295448,295449,295450,295451,295452,295453,295454,295455,295456,295457,295458,295459,295460,295463
5730  25ns_315b_303_228_240_48bpi_11inj                 295600,295602,295603,295604,295605,295606,295607,295608,295610,295613,295616,295628,295632,295634,295635,295636,295637,295638,295639,295640,295641,295642,295643,295644,295645,295646,295647,295648,295649,295650,295651,295652,295653,295654,295655
5737  25ns_315b_303_228_240_48bpi_11inj                 295953,295965,295966,295967,295968,295969,295971,295974,295975,295976,295977,295978,295979
5746  25ns_601b_589_522_540_48bpi15inj_bcms             296070,296071,296073,296074,296075,296076,296077,296078,296079,296081,296082,296083,296084,296085,296086,296087,296088,296089,296090,296091,296092,296093,296094,296095,296096,296097,296098,296099,296100,296101,296102,296103,296104,296107,296108,296109,296110,296111,296112,296113,296114,296115,296116
5749  25ns_601b_589_522_540_48bpi15inj_bcms             296168
5750  25ns_601b_589_522_540_48bpi15inj_bcms             296172,296173,296174
5822  Single_10b_9_2_2_BSRT_Calib_RampUp                296641,296642,296643,296644,296646,296647
5824  25ns_601b_589_523_544_96bpi_11inj_v2              296663,296664,296665,296666,296668,296669,296671,296674,296675,296676,296677,296678,296679,296680
5825  25ns_985b_973_872_908_96bpi_15inj                 296702
5830  25ns_985b_973_872_908_96bpi_15inj                 296786,296787,296788,296789,296790,296791,296795,296796,296797,296798,296799,296800,296801,296802
5833  25ns_985b_973_873_912_144bpi_11inj                296866,296867,296868,296869,296870,296871,296872,296873,296874,296875,296876,296877,296878,296879,296880,296881
5834  25ns_985b_973_873_912_144bpi_11inj                296887,296888,296889,296894,296895,296897,296898,296899,296900,296901,296902,296903,296904
5837  25ns_1225b_1213_1060_1108_144bpi_12inj            296966,296967,296968,296969,296970,296971,296972,296976,296977,296978,296979,296980
5838  25ns_1225b_1213_1060_1108_144bpi_12inj            297001,297002,297003,297004,297006,297007,297009,297010,297011,297012,297013,297014,297015,297016,297017,297018,297019
5839  25ns_1225b_1213_1060_1108_144bpi_12inj            297046,297047,297048,297049,297050
5840  25ns_1225b_1213_1060_1108_144bpi_12inj            297056,297057
5842  25ns_1561b_1549_1397_1460_144bpi_15inj            297099,297100,297101
5845  25ns_1741b_1729_1572_1644_144bpi_14inj            297113,297114
5848  25ns_1741b_1729_1572_1644_144bpi_14inj            297168,297169,297170,297171,297172,297173,297174,297175,297176,297177,297178,297179,297180,297181,297182
5849  25ns_2029b_2017_1776_1860_144bpi_17inj            297211,297215,297218,297219,297224,297225,297227,297228,297229
5856  25ns_2173b_2161_1872_1962_144bpi_17inj            297281,297282,297283,297284,297285,297286,297287,297288,297289,297290,297291,297292,297293,297296,297308,297316
5862  25ns_2317b_2305_1962_2058_144bpi_20inj            297359
5864  25ns_2317b_2305_1962_2058_144bpi_20inj            297411
5865  25ns_2317b_2305_1962_2058_144bpi_20inj            297424,297425,297426,297427,297428,297429,297430,297431,297432,297433,297434,297435
5868  25ns_2460b_2448_2052_2154_144bpi_19inj            297467,297468,297469
5870  25ns_2460b_2448_2052_2154_144bpi_19inj            297474
5872  25ns_2460b_2448_2052_2154_144bpi_19inj            297483,297484,297485,297486,297487,297488
5873  25ns_2460b_2448_2052_2154_144bpi_19inj            297494,297495,297496,297497,297498,297499,297500,297501,297502,297503,297504,297505
5876  25ns_2460b_2448_2052_2154_144bpi_19inj            297557,297558,297559,297560,297562,297563
5878  25ns_2460b_2448_2052_2154_144bpi_19inj            297598,297599,297603,297604,297605,297606
5880  25ns_2556b_2544_2215_2332_144bpi_20inj            297620
5882  25ns_2556b_2544_2215_2332_144bpi_20inj            297656,297657,297658,297659,297660,297661,297662,297663,297664,297665,297666
5883  25ns_2556b_2544_2215_2332_144bpi_20inj            297670,297671,297672,297673,297674,297675,297678
5885  25ns_2556b_2544_2215_2332_144bpi_20inj            297713,297714,297715 
5887  25ns_2556b_2544_2215_2332_144bpi_20inj            297722,297723 
5919  2nominals_10pilots_lossmaps_coll_allIPs           298653
5920  2nominals_10pilots_lossmaps_coll_allIPs           298673,298674,298678,298679,298681
5930  25ns_51b_51_32_36_12bpi_7inj                      298809
5934  25ns_601b_589_523_544_96bpi_11inj_v2              298853,298854,298855
5942  25ns_1357b_1345_1226_1280_144bpi_14inj            298996,298997,298998,299000
5946  25ns_1357b_1345_1226_1280_144bpi_14inj            299042
5950  25ns_2173b_2161_1872_1962_144bpi_17inj            299061,299062,299064,299065,299067
5952  25ns_2317b_2305_1962_2058_144bpi_20inj            299096
5954  25ns_2317b_2305_1962_2058_144bpi_20inj            299149
5958  25ns_2317b_2305_1962_2058_144bpi_20inj            299178,299180,299183,299184,299185
5960  25ns_2317b_2305_1962_2058_144bpi_20inj            299316,299317,299318,299322,299324,299325,299326,299327,299329
5962  25ns_2460b_2448_2052_2154_144bpi_19inj            299368,299369,299370
5963  25ns_2556b_2544_2215_2332_144bpi_20inj            299380,299381
5965  25ns_2556b_2544_2215_2332_144bpi_20inj            299393,299394,299395,299396
5966  25ns_2556b_2544_2215_2332_144bpi_20inj            299420
5971  25ns_2556b_2544_2215_2332_144bpi_20inj            299443
5974  25ns_2556b_2544_2215_2332_144bpi_20inj            299450
5976  25ns_2556b_2544_2215_2332_144bpi_20inj            299477,299478,299479,299480,299481
5979  25ns_2556b_2544_2215_2332_144bpi_20inj            299592,299593,299594,299595,299597,299598
5980  50ns_1284b_1272_527_652_72bpi_20inj               299614,299616,299617
5984  25ns_2556b_2544_2215_2332_144bpi_20inj            299649,299650
6012  Multi_57b_56b_25_20_24_4bpi_15inj                 299996
6015  Multi_52b_52b_32_12_8_4bpi_13inj                  300007
6016  Multi_52b_52b_32_12_8_4bpi_13inj                  300015,300016,300017,300018,300019,300027,300029,300043,300049,300050
6018  25ns_603b_591_526_552_144bpi_9inj                 300079
6019  25ns_603b_591_526_552_144bpi_9inj                 300087,300088
6020  25ns_2556b_2544_2215_2332_144bpi_20inj            300104,300105,300106,300107
6021  25ns_2556b_2544_2215_2332_144bpi_20inj            300117
6024  25ns_2556b_2544_2215_2332_144bpi_20inj            300122,300123,300124
6026  25ns_2556b_2544_2215_2332_144bpi_20inj            300155,300156,300157
6030  25ns_2556b_2544_2215_2332_144bpi_20inj            300226
6031  25ns_2556b_2544_2215_2332_144bpi_20inj            300233,300234,300235,300236,300237,300238,300239,300240,300241
6035  25ns_2556b_2544_2215_2332_144bpi_20inj            300280,300281,300282,300283,300284
6041  25ns_2556b_2544_2215_2332_144bpi_20inj            300364,300365,300366,300367,300368,300369,300370,300371,300372,300373,300374,300375 
6044  25ns_2556b_2544_2215_2332_144bpi_20inj            300389,300390,300391,300392,300393,300394,300395,300396,300397,300398,300399,300400,300401
6046  25ns_2556b_2544_2215_2332_144bpi_20inj            300459,300461,300462,300463,300464,300466,300467
6048  25ns_2556b_2544_2215_2332_144bpi_20inj            300497,300498,300499,300500
6050  25ns_2556b_2544_2215_2332_144bpi_20inj            300514,300515,300516,300517
6052  25ns_2556b_2544_2215_2332_144bpi_20inj            300538,300539,300545,300548,300551,300552,300558,300560,300561
6053  25ns_2556b_2544_2215_2332_144bpi_20inj            300574,300575,300576
6054  25ns_2556b_2544_2215_2332_144bpi_20inj            300631,300632,300633,300635,300636
6055  25ns_2556b_2544_2215_2332_144bpi_20inj            300673,300674,300675,300676
6057  25ns_2556b_2544_2215_2332_144bpi_20inj            300742
6060  25ns_2556b_2544_2215_2332_144bpi_20inj            300777,300780,300781,300785
6061  25ns_2556b_2544_2215_2332_144bpi_20inj            300806,300811,300812,300816,300817
6072  25ns_601b_589_523_544_96bpi_11inj_v2              301046
6079  25ns_601b_589_523_544_96bpi_11inj_v3              301086,301087,301088
6082  25ns_985b_973_872_908_96bpi_15inj                 301141,301142
6084  25ns_1164b_1152_1047_1092_96bpi_13inj             301161,301165
6086  25ns_1356b_1344_1221_1272_96bpi_17inj             301179,301180,301183
6089  25ns_1356b_1344_1221_1272_96bpi_17inj             301281,301283
6090  25ns_1548b_1536_1396_1456_96bpi_17inj             301298
6091  25ns_1740b_1728_1570_1636_96bpi_21inj             301323
6093  25ns_1740b_1728_1570_1636_96bpi_21inj             301330
6094  25ns_1740b_1728_1570_1636_96bpi_21inj             301359
6096  25ns_1740b_1728_1570_1636_96bpi_21inj             301383,301384
6097  25ns_1740b_1728_1570_1636_96bpi_21inj             301391,301392,301393,301394,301395,301396,301397,301398,301399
6098  25ns_1932b_1920_1745_1820_96bpi_21inj             301417
6104  25ns_1548b_1536_1396_1456_96bpi_17inj             301447,301448,301449,301450
6105  25ns_1740b_1728_1570_1636_96bpi_21inj             301461
6106  25ns_1740b_1728_1570_1636_96bpi_21inj             301472,301473,301474,301475,301476,301480
6110  25ns_1740b_1728_1570_1636_96bpi_21inj             301519,301521,301524,301525,301526,301528,301529,301530,301531,301532
6114  25ns_1740b_1728_1570_1636_96bpi_21inj             301567
6116  25ns_1740b_1728_1570_1636_96bpi_21inj             301627
6119  25ns_1740b_1728_1570_1636_96bpi_21inj             301664,301665
6123  25ns_2220b_2208_1949_2036_96bpi_24inj             301694
6136  25ns_985b_973_872_908_96bpi_15inj                 301912,301913,301914
6138  25ns_1164b_1152_1047_1092_96bpi_13inj             301941
6140  25ns_1548b_1536_1396_1456_96bpi_17inj             301959,301960
6141  25ns_1550b_1538_1396_1456_96bpi_19inj             301969,301970
6142  25ns_1550b_1538_1396_1456_96bpi_19inj             301984,301985,301986,301987
6143  25ns_1550b_1538_1396_1456_96bpi_19inj             301997,301998
6146  25ns_1550b_1538_1396_1456_96bpi_19inj             302019
6147  25ns_1550b_1538_1396_1456_96bpi_19inj             302026,302027,302029,302030,302031,302032,302033,302034,302036,302037,302038,302040,302041,302042,302043,302044
6152  25ns_1164b_1152_1047_1092_96bpi_13inj             302131,302132
6155  25ns_1164b_1152_1047_1092_96bpi_13inj             302159
6156  25ns_1164b_1152_1047_1092_96bpi_13inj             302163,302165,302166
6158  25ns_1164b_1152_1047_1092_96bpi_13inj             302225
6159  25ns_1356b_1344_1221_1272_96bpi_17inj             302228,302229
6160  25ns_1356b_1344_1221_1272_96bpi_17inj             302239,302240
6161  25ns_1550b_1538_1396_1456_96bpi_19inj             302262,302263
6165  25ns_1164b_1152_1047_1092_96bpi_13inj             302277,302278,302279,302280
6167  25ns_1132b_1120_677_1088_112bpi_13i8b4e           302322
6168  25ns_1356b_1344_813_1308_112bpi_13i8b4e           302328
6169  25ns_1580b_1568_948_1524_112bpi_17i8b4e           302337,302342,302343,302344,302349,302350
6170  25ns_1748b_1736_1034_1656_112bpi_17i8b4e          302388
6171  25ns_1916b_1909_1042_1560_112bpi_20i8b4e          302392,302393
6174  25ns_1916b_1909_1042_1560_112bpi_20i8b4e          302448
6175  25ns_1916b_1909_1042_1560_112bpi_20i8b4e          302472,302473,302474,302475,302476
6176  25ns_1916b_1909_1042_1560_112bpi_20i8b4e          302479
6177  25ns_1916b_1909_1042_1560_112bpi_20i8b4e          302484,302485,302486,302487,302488,302489,302490,302491,302492,302493,302494
6179  25ns_1916b_1909_1042_1560_112bpi_20i8b4e          302509
6180  25ns_1916b_1909_1042_1560_112bpi_20i8b4e          302513
6182  25ns_1916b_1909_1042_1560_112bpi_20i8b4e          302522,302523,302524,302525,302526
6185  25ns_1916b_1909_1042_1560_112bpi_20i8b4e          302548,302549,302550,302551,302552,302553,302554,302555
6186  25ns_1916b_1909_1042_1560_112bpi_20i8b4e          302563,302564,302565,302566,302567,302569,302570,302571,302572,302573
6189  25ns_1916b_1909_1042_1560_112bpi_20i8b4e          302596,302597
6191  25ns_1916b_1909_1042_1560_112bpi_20i8b4e          302634,302635
6192  25ns_1916b_1909_1042_1560_112bpi_20i8b4e          302646,302649,302650,302651,302654
6193  25ns_1916b_1909_1042_1560_112bpi_20i8b4e          302660,302661,302662,302663
6194  25ns_224b_211_0_0_56bpi_9inj_HIPU                 302674,302676,302677,302678
6230  2nominals_10pilots_lossmaps_coll_allIPs           303719,303728,303729
6236  25ns_51b_51_32_36_12bpi_7inj                      303790,303793,303794,303795
6238  25ns_686b_674_407_653_112bpi_11i8b4e              303817,303818,303819
6239  25ns_1358b_1346_816_1311_112bpi_15i8b4e           303824,303825
6240  25ns_1916b_1909_1042_1560_112bpi_20i8b4e          303832
6241  25ns_1916b_1909_1042_1560_112bpi_20i8b4e          303838
6243  25ns_1916b_1909_1042_1560_112bpi_20i8b4e          303885
6245  25ns_1916b_1909_1042_1560_112bpi_20i8b4e          303948,303989
6247  25ns_1916b_1909_1042_1560_112bpi_20i8b4e          303998,303999,304000
6252  25ns_1916b_1909_1042_1560_112bpi_20i8b4e          304062
6253  25ns_1916b_1909_1042_1560_112bpi_20i8b4e          304119,304120,304125
6255  25ns_1916b_1909_1042_1560_112bpi_20i8b4e          304144
6258  25ns_1916b_1909_1042_1560_112bpi_20i8b4e          304158
6259  25ns_1916b_1909_1042_1560_112bpi_20i8b4e          304169,304170
6261  25ns_1916b_1909_1042_1560_112bpi_20i8b4e          304196,304197,304198,304199,304200
6262  25ns_1916b_1909_1042_1560_112bpi_20i8b4e          304204
6263  25ns_1916b_1909_1042_1560_112bpi_20i8b4e          304209
6266  25ns_1836b_1824_1052_1688_96bpi_20i8b4e           304291,304292
6268  25ns_1836b_1824_1052_1688_96bpi_20i8b4e           304333
6269  25ns_1836b_1824_1052_1688_96bpi_20i8b4e           304354
6271  25ns_1836b_1824_1052_1688_96bpi_20i8b4e           304366
6272  25ns_1836b_1824_1052_1688_96bpi_20i8b4e           304446,304447,304448,304449,304451,304452
6275  25ns_1868b_1866_1089_1749_128bpi_17i8b4e          304505,304506,304507,304508
6276  25ns_1868b_1866_1089_1749_128bpi_17i8b4e          304562
6278  25ns_1868b_1866_1089_1749_128bpi_17i8b4e          304616
6279  25ns_1868b_1866_1089_1749_128bpi_17i8b4e          304625,304626
6283  25ns_1868b_1866_1089_1749_128bpi_17i8b4e          304654,304655
6284  25ns_1868b_1866_1089_1749_128bpi_17i8b4e          304661,304662,304663
6285  25ns_1868b_1866_1089_1749_128bpi_17i8b4e          304671,304672
6287  25ns_1868b_1866_1089_1749_128bpi_17i8b4e          304737,304738,304739,304740
6288  25ns_1868b_1866_1089_1749_128bpi_17i8b4e          304776,304777,304778
6291  25ns_1868b_1866_1089_1749_128bpi_17i8b4e          304797
6297  25ns_1868b_1866_1089_1749_128bpi_17i8b4e          305040,305043,305044,305045,305046
6298  25ns_1868b_1866_1089_1749_128bpi_17i8b4e          305059,305060,305061,305062,305063,305064
6300  25ns_1868b_1866_1089_1749_128bpi_17i8b4e          305081
6303  25ns_1868b_1866_1089_1749_128bpi_17i8b4e          305112,305113,305114
6304  25ns_1868b_1866_1089_1749_128bpi_17i8b4e          305178,305179,305180,305181,305182,305183,305184,305185,305186,305187,305188
6305  25ns_1868b_1866_1089_1749_128bpi_17i8b4e          305202,305203,305204
6306  25ns_1868b_1866_1089_1749_128bpi_17i8b4e          305207,305208
6307  25ns_1868b_1866_1089_1749_128bpi_17i8b4e          305234,305235,305236,305237
6308  25ns_1868b_1866_1089_1749_128bpi_17i8b4e          305247,305248,305249,305250,305252
6309  25ns_1868b_1866_1089_1749_128bpi_17i8b4e          305282
6311  25ns_1868b_1866_1089_1749_128bpi_17i8b4e          305310,305311,305312,305313,305314
6312  25ns_1868b_1866_1089_1749_128bpi_17i8b4e          305336,305338,305341,305349,305350,305351
6313  25ns_1868b_1866_1089_1749_128bpi_17i8b4e          305358
6314  25ns_1868b_1866_1089_1749_128bpi_17i8b4e          305364,305365,305366,305367
6315  25ns_1868b_1866_1089_1749_128bpi_17i8b4e          305376,305377
6317  25ns_1868b_1866_1089_1749_128bpi_17i8b4e          305405,305406
6318  25ns_1868b_1866_1089_1749_128bpi_17i8b4e          305440,305441
6323  25ns_1868b_1866_1089_1749_128bpi_17i8b4e          305516,305517,305518
6324  25ns_1868b_1866_1089_1749_128bpi_17i8b4e          305586,305588,305589,305590
6325  25ns_1868b_1866_1089_1749_128bpi_17i8b4e          305636
6337  25ns_1868b_1866_1089_1749_128bpi_17i8b4e          305766
6341  25ns_1868b_1866_1089_1749_128bpi_17i8b4e          305809
6343  25ns_1868b_1866_1089_1749_128bpi_17i8b4e          305814
6344  25ns_1868b_1866_1089_1749_128bpi_17i8b4e          305821
6346  25ns_1868b_1866_1089_1749_128bpi_17i8b4e          305832,305833,305839,305840,305841,305842
6347  25ns_1868b_1866_1089_1749_128bpi_17i8b4e          305862
6348  25ns_1868b_1866_1089_1749_128bpi_17i8b4e          305898
6349  25ns_1868b_1866_1089_1749_128bpi_17i8b4e          305902
6351  25ns_1868b_1866_1089_1749_128bpi_17i8b4e          305965,305966,305967
6355  25ns_1868b_1866_1089_1749_128bpi_17i8b4e          306029,306030
6356  25ns_1868b_1866_1089_1749_128bpi_17i8b4e          306036,306037,306038,306040,306041,306042,306048,306049,306051
6358  25ns_1868b_1866_1089_1749_128bpi_17i8b4e          306091,306092,306093,306094,306095,306096
6360  25ns_1868b_1866_1089_1749_128bpi_17i8b4e          306121,306122,306125,306126
6362  25ns_1868b_1866_1089_1749_128bpi_17i8b4e          306134,306135,306137,306138,306139
6364  25ns_1868b_1866_1089_1749_128bpi_17i8b4e          306153,306154,306155,306168,306169,306170,306171
6370  25ns_1868b_1866_1089_1749_128bpi_17i8b4e          306416,306417,306418,306419,306420,306421,306422,306423,306425,306432
6371  25ns_1868b_1866_1089_1749_128bpi_17i8b4e          306454,306455,306456,306457,306458,306459,306460,306461,306462
6402  Single_3b_2_2_2                                   306896,306897
6404  25ns_656b_644_371_602_128bpi_13i8b4e              306926,306929
6405  25ns_1868b_1866_1089_1749_128bpi_17i8b4e          306936
6411  25ns_1868b_1866_1089_1749_128bpi_17i8b4e          307014,307015,307016,307017
6413  25ns_1868b_1866_1089_1749_128bpi_17i8b4e          307042,307044,307045,307046,307047,307048,307049,307050,307051,307052,307053,307054,307055,307062,307063
6415  25ns_1868b_1866_1089_1749_128bpi_17i8b4e          307073,307075,307076
6417  25ns_1868b_1866_1089_1749_128bpi_17i8b4e          307082
