Fill 	 Injection Scheme 	 Runs 	 
4915 25ns_601b_589_552_552_72bpi_11inj 273150,273158
4919 25ns_601b_589_552_552_72bpi_11inj_alt 273290,273291,273292,273294,273295,273296,273299,273301,273302
4924 25ns_601b_589_552_552_72bpi_11inj_950ns 273402,273403,273404,273405,273406,273407,273408,273409,273410,273411,273412
4925 25ns_601b_589_552_552_72bpi_11inj_950ns 273425,273426
4926 25ns_889b_877_810_828_72bpi_15inj_950ns 273445,273446,273447,273448,273449,273450
4930 25ns_889b_877_810_828_72bpi_15inj_950ns 273492,273493,273494
4935 25ns_889b_877_810_828_72bpi_15inj_950ns 273502,273503,273504
4937 Multi_55b_11_28_16_4bpi14inj 273522,273523,273526,273531,273537
4942 25ns_1177b_1165_967_972_72bpi_19inj 273554,273555
4945 Multi_56b-52b_32_16_8_4bpi14inj 273588,273589,273590,273591,273592,273593
4947 25ns_1177b_1165_990_984_72bpi_19inj 273725,273728,273730
4953 25ns_601b_589_552_552_72bpi_11inj_950ns 274094
4954 Multi_56b-52b_32_16_8_4bpi14inj 274100,274102,274103,274104,274105,274106,274107,274108
4956 25ns_1177b_1165_990_984_72bpi_19inj 274142,274146
4958 25ns_1465b_1453_1122_1153_72bpi_23inj 274157,274159,274160,274161
4960 25ns_1752b_1740_1470_1499_72bpi_26inj 274172
4961 25ns_1752b_1740_1470_1499_72bpi_26inj 274198,274199,274200
4964 25ns_1752b_1740_1470_1499_72bpi_26inj 274240,274241,274243,274244
4965 25ns_1824b_1812_1539_1571_72bpi_27inj 274250,274251
4976 25ns_1824b_1812_1539_1571_72bpi_27inj 274282,274283,274284,274285,274286
4979 25ns_2040b_2028_1697_1712_72bpi_30inj 274314,274315,274316,274317,274318,274319
4980 25ns_2040b_2028_1697_1712_72bpi_30inj 274335,274336,274337,274338,274339,274344,274345
4984 25ns_2040b_2028_1697_1712_72bpi_30inj 274382
4985 25ns_2040b_2028_1697_1712_72bpi_30inj 274387,274388
4988 25ns_2040b_2028_1697_1712_72bpi_30inj 274420,274421,274422
4990 25ns_2040b_2028_1697_1712_72bpi_30inj 274440,274441,274442,274443
5005 25ns_602b_590_552_552_72bpi_12inj_950ns 274954,274955,274956,274957,274958,274959
5013 25ns_2040b_2028_1697_1712_72bpi_30inj 274966,274967,274968,274969,274970,274971
5017 25ns_2040b_2028_1697_1712_72bpi_30inj 274998,274999,275000,275001
5020 25ns_2040b_2028_1697_1712_72bpi_30inj 275059,275062,275063,275064,275066,275067,275068,275073,275074
5021 25ns_2040b_2028_1697_1712_72bpi_30inj 275124,275125
5024 25ns_2040b_2028_1697_1712_72bpi_30inj 275282,275283,275284,275285,275286,275289,275290,275291,275292,275293
5026 25ns_2040b_2028_1697_1712_72bpi_30inj 275309,275310,275311
5027 25ns_2040b_2028_1697_1712_72bpi_30inj 275319,275326,275337,275338
5028 25ns_2040b_2028_1697_1712_72bpi_30inj 275344,275345
5029 25ns_2040b_2028_1697_1712_72bpi_30inj 275370,275371
5030 25ns_2040b_2028_1697_1712_72bpi_30inj 275375,275376
5038 25ns_2040b_2028_1698_1715_72bpi_30inj 275656,275657,275658,275659
5043 25ns_2076b_2064_1717_1767_96bpi_23inj 275757,275758,275759,275761,275763,275764,275766,275767,275768,275769,275772,275773,275774,275776,275777,275778,275781,275782,275783
5045 25ns_2076b_2064_1717_1767_96bpi_23inj 275828,275829,275831,275832,275833,275834,275835,275836,275837,275838,275841,275846,275847
5048 25ns_2076b_2064_1717_1767_96bpi_23inj 275886,275887,275890
5052 25ns_2076b_2064_1717_1767_96bpi_23inj 275911,275912,275913,275918,275920,275921,275922,275923,275931
5056 25ns_2076b_2064_1717_1767_96bpi_23inj 275963
5059 25ns_2076b_2064_1717_1767_96bpi_23inj 276054,276062,276063,276064,276071,276072
5060 25ns_2076b_2064_1717_1767_96bpi_23inj 276092,276093,276095,276097
5068 25ns_2076b_2064_1717_1767_96bpi_23inj 276215,276216,276217
5069 25ns_2076b_2064_1717_1767_96bpi_23inj 276225,276226,276229,276232,276235,276237,276242,276243,276244
5071 25ns_2076b_2064_1717_1767_96bpi_23inj 276282,276283
5072 25ns_2076b_2064_1717_1767_96bpi_23inj 276315,276317,276318,276326,276327
5073 25ns_2076b_2064_1717_1767_96bpi_23inj 276352,276355,276357,276361,276363,276384
5076 25ns_2076b_2064_1717_1767_96bpi_23inj 276437,276453,276454,276455,276456,276457,276458
5078 25ns_2076b_2064_1692_1765_96bpi_23inj 276495,276501,276502
5080 25ns_2076b_2064_1692_1765_96bpi_23inj 276525,276527,276528
5083 25ns_2076b_2064_1692_1765_96bpi_23inj 276542,276543,276544,276545
5085 25ns_2076b_2064_1692_1765_96bpi_23inj 276581,276582,276583,276584,276585,276586,276587
5091 25ns_2076b_2064_1692_1765_96bpi_23inj 276653,276655,276659
5093 25ns_2076b_2064_1692_1765_96bpi_23inj 276775,276776,276794
5095 25ns_2076b_2064_1692_1765_96bpi_23inj 276807,276808,276810,276811
5096 25ns_2076b_2064_1692_1765_96bpi_23inj 276831,276832,276834,276835,276836,276837
5097 25ns_2076b_2064_1692_1765_96bpi_23inj 276870
5101 25ns_2076b_2064_1692_1765_96bpi_23inj 276935
5102 25ns_2076b_2064_1692_1765_96bpi_23inj 276940,276941,276942,276944,276945,276946,276947,276948,276950
5105 25ns_2076b_2064_1692_1765_96bpi_23inj 277069,277070,277071,277072,277073,277075,277076,277081,277086,277087
5106 25ns_2076b_2064_1681_1772_96bpi_23inj 277093,277094,277096,277112
5107 25ns_2076b_2064_1681_1772_96bpi_23inj 277126,277127
5108 25ns_2076b_2064_1681_1772_96bpi_23inj 277148
5109 25ns_2076b_2064_1681_1772_96bpi_23inj 277166,277168
5110 25ns_2076b_2064_1681_1772_96bpi_23inj 277180
5111 25ns_2076b_2064_1681_1772_96bpi_23inj 277194,277202
5112 25ns_2076b_2064_1681_1772_96bpi_23inj 277217,277218,277219,277220
5116 25ns_2076b_2064_1681_1772_96bpi_23inj 277305
5117 25ns_2076b_2064_1681_1772_96bpi_23inj 277420
5149 25ns_2076b_2064_1681_1772_96bpi_23inj 277932,277933,277934,277935
5151 25ns_2076b_2064_1681_1772_96bpi_23inj 277981,277982,277983,277984,277985,277990,277991,277992
5154 25ns_2076b_2064_1681_1772_96bpi_23inj 278017,278018
5161 25ns_2076b_2064_1692_1765_96bpi_23inj 278167,278175
5162 25ns_2076b_2064_1692_1765_96bpi_23inj 278193
5163 25ns_2076b_2064_1692_1765_96bpi_23inj 278239,278240
5169 25ns_2076b_2064_1692_1765_96bpi_23inj 278273,278274
5170 25ns_2076b_2064_1692_1765_96bpi_23inj 278288,278289,278290
5173 25ns_2076b_2064_1692_1765_96bpi_23inj 278308,278309,278310
5179 25ns_2076b_2064_1692_1765_96bpi_23inj 278315
5181 25ns_2076b_2064_1692_1765_96bpi_23inj 278345,278346,278349,278366
5183 25ns_2173b_2161_1838_1916_96bpi_25inj 278406
5187 25ns_2172b_2160_1855_1948_96bpi_24inj 278509
5194 Single_3b_2_2_2_with_nc_probes 278761
5196 25ns_2172b_2160_1855_1948_96bpi_24inj 278765
5197 25ns_2172b_2160_1855_1948_96bpi_24inj 278769,278770
5198 25ns_2172b_2160_1855_1948_96bpi_24inj 278801,278802,278803,278804,278805,278806,278807,278808
5199 25ns_2220b_2208_1940_2036_96bpi_24inj 278820,278821,278822
5205 25ns_2220b_2208_1940_2036_96bpi_24inj 278873,278874,278875
5206 25ns_2220b_2208_1940_2036_96bpi_24inj 278923
5209 25ns_2220b_2208_1940_2036_96bpi_24inj 278957
5210 25ns_2220b_2208_1940_2036_96bpi_24inj 278962,278963
5211 25ns_2220b_2208_1940_2036_96bpi_24inj 278969,278975,278976
5213 25ns_2220b_2208_1940_2036_96bpi_24inj 278986
5219 25ns_2040b_2028_1697_1712_72bpi_30inj 279024,279028,279029
5222 25ns_2040b_2028_1697_1712_72bpi_30inj 279071,279072,279073
5223 25ns_2040b_2028_1697_1712_72bpi_30inj 279080
5229 25ns_2220b_2208_1940_2036_96bpi_24inj 279115,279116
5246 Single_10b_2_2_2_7ncoll 279473
5247 25ns_590b_578_523_544_96bpi_11inj 279479,279480,279484,279487,279488,279489
5251 25ns_2220b_2208_1940_2036_96bpi_24inj 279588
5253 25ns_2220b_2208_1940_2036_96bpi_24inj 279653,279654,279656,279657,279658
5254 25ns_2220b_2208_1940_2036_96bpi_24inj 279667
5256 25ns_2220b_2208_1940_2036_96bpi_24inj 279681,279682,279683,279684,279685
5257 25ns_2220b_2208_1940_2036_96bpi_24inj 279691,279694
5258 25ns_2220b_2208_1940_2036_96bpi_24inj 279715,279716
5261 25ns_2220b_2208_1940_2036_96bpi_24inj 279760,279766,279767
5264 25ns_2220b_2208_1940_2036_96bpi_24inj 279794
5265 25ns_2220b_2208_1940_2036_96bpi_24inj 279823
5266 25ns_2220b_2208_1940_2036_96bpi_24inj 279841
5267 25ns_2220b_2208_1940_2036_96bpi_24inj 279844,279845,279846,279848,279849,279850,279851,279852,279853,279854,279855,279856,279857,279858,279859,279860,279861,279862,279864,279865
5270 25ns_2220b_2208_1940_2036_96bpi_24inj 279887
5274 25ns_2220b_2208_1940_2036_96bpi_24inj 279931
5275 25ns_2220b_2208_1940_2036_96bpi_24inj 279966
5276 25ns_2220b_2208_1940_2036_96bpi_24inj 279975
5277 25ns_2220b_2208_1940_2036_96bpi_24inj 279993,279994,279995,280001,280002,280006,280007,280013,280014,280015,280016,280017,280018,280019,280020,280021,280022,280023,280024
5279 25ns_2220b_2208_1940_2036_96bpi_24inj 280187,280188,280189,280190,280191,280192,280194
5282 25ns_2220b_2208_1940_2036_96bpi_24inj 280238,280239,280240,280241,280242,280249,280251
5287 25ns_2220b_2208_1940_2036_96bpi_24inj 280327,280330,280349,280361,280363,280364
5288 25ns_2220b_2208_1940_2036_96bpi_24inj 280383,280384,280385
5330 Single_4b_3_2_1_1bpi_4inj 281601,281602,281603,281604
5331 25ns_169b_157_114_120_48bpi_6inj 281613
5332 25ns_601b_589_523_544_96bpi_11inj 281616
5338 25ns_1177b_1165_1047_1092_96bpi_15inj 281638,281639,281640,281641
5339 25ns_2220b_2208_1940_2036_96bpi_24inj 281663,281671,281674,281680,281685,281686,281689,281691,281693
5340 25ns_2220b_2208_1940_2036_96bpi_24inj 281707,281726,281727
5345 25ns_2220b_2208_1940_2036_96bpi_24inj 281797
5351 25ns_2220b_2208_1940_2036_96bpi_24inj 281974,281975,281976
5352 25ns_2220b_2208_1940_2036_96bpi_24inj 282033,282034,282035,282037
5355 25ns_2220b_2208_1940_2036_96bpi_24inj 282092
5370 25ns8b4e_1908b_1896_1371_1704_27inj 282408
5385 Single_10b_9_2_2_BSRT_Calib_RampUp 282649,282650
5386 25ns_601b_589_523_544_96bpi_11inj 282663
5391 25ns_2220b_2208_1940_2036_96bpi_24inj 282707,282708,282709,282710,282711,282712
5393 25ns_2220b_2208_1940_2036_96bpi_24inj 282730,282731,282732,282733,282734,282735
5394 25ns_2220b_2208_1940_2036_96bpi_24inj 282799,282800,282807,282814
5395 25ns_2220b_2208_1940_2036_96bpi_24inj 282842
5401 25ns_2220b_2208_1940_2036_96bpi_24inj 282917,282918,282919,282920,282921,282922,282923,282924
5405 25ns_2220b_2208_1940_2036_96bpi_24inj 283040,283041,283042,283043
5406 25ns_2220b_2208_1940_2036_96bpi_24inj 283049,283050,283052,283059,283067
5412 25ns_100b_99_0_0_48bpi_6inj 283171
5416 25ns_2220b_2208_1940_2036_96bpi_24inj 283270,283283
5418 25ns_2220b_2208_1940_2036_96bpi_24inj 283305,283306,283307,283308
5421 25ns_2220b_2208_1940_2036_96bpi_24inj 283353,283358,283359
5422 Single_4b_4_0_0_1bpi_4inj 283387
5423 25ns_2220b_2208_1940_2036_96bpi_24inj 283407,283408,283413,283414,283415,283416
5424 25ns_2220b_2208_1940_2036_96bpi_24inj 283453
5426 25ns_2220b_2208_1940_2036_96bpi_24inj 283469
5427 25ns_2220b_2208_1940_2036_96bpi_24inj 283478,283481
5433 25ns_2040b_2028_1697_1712_72bpi_30inj 283548,283549,283550,283551,283553,283560
5437 25ns_2220b_2208_1940_2036_96bpi_24inj 283672,283675,283676,283680,283681,283682,283685
5439 25ns_2220b_2208_1940_2036_96bpi_24inj 283820,283830,283834,283835
5441 25ns_2220b_2208_1940_2036_96bpi_24inj 283863,283865
5442 25ns_2220b_2208_1940_2036_96bpi_24inj 283876,283877,283878
5443 25ns_2220b_2208_1940_2036_96bpi_24inj 283884,283885
5446 25ns_2220b_2208_1940_2036_96bpi_24inj 283933,283934
5448 25ns_2220b_2208_1940_2036_96bpi_24inj 283946,283964
5450 25ns_2220b_2208_1940_2036_96bpi_24inj 284006,284014
5451 25ns_2220b_2208_1940_2036_96bpi_24inj 284025,284029,284035,284036,284037,284038,284039,284040,284041,284042,284043,284044
