Fill  Injection Scheme                                  Runs
5722  25ns_336b_336_210_252_12bpi_28inj                 295436,295437,295438,295439,295440,295441,295442,295443,295444,295445,295446,295447,295448,295449,295450,295451,295452,295453,295454,295455,295456,295457,295458,295459,295460,295463
5730  25ns_315b_303_228_240_48bpi_11inj                 295600,295602,295603,295604,295605,295606,295607,295608,295610,295613,295616,295628,295632,295634,295635,295636,295637,295638,295639,295640,295641,295642,295643,295644,295645,295646,295647,295648,295649,295650,295651,295652,295653,295654,295655
5737  25ns_315b_303_228_240_48bpi_11inj                 295953,295965,295966,295967,295968,295969,295971,295974,295975,295976,295977,295978,295979
5746  25ns_601b_589_522_540_48bpi15inj_bcms             296070,296071,296073,296074,296075,296076,296077,296078,296079,296081,296082,296083,296084,296085,296086,296087,296088,296089,296090,296091,296092,296093,296094,296095,296096,296097,296098,296099,296100,296101,296102,296103,296104,296107,296108,296109,296110,296111,296112,296113,296114,296115,296116
5749  25ns_601b_589_522_540_48bpi15inj_bcms             296168
5750  25ns_601b_589_522_540_48bpi15inj_bcms             296172,296173,296174
5822  Single_10b_9_2_2_BSRT_Calib_RampUp                296641,296642,296643,296644,296646,296647
5824  25ns_601b_589_523_544_96bpi_11inj_v2              296663,296664,296665,296666,296668,296669,296671,296674,296675,296676,296677,296678,296679,296680
5825  25ns_985b_973_872_908_96bpi_15inj                 296702
5830  25ns_985b_973_872_908_96bpi_15inj                 296786,296787,296788,296789,296790,296791,296795,296796,296797,296798,296799,296800,296801,296802
5833  25ns_985b_973_873_912_144bpi_11inj                296866,296867,296868,296869,296870,296871,296872,296873,296874,296875,296876,296877,296878,296879,296880,296881
5834  25ns_985b_973_873_912_144bpi_11inj                296887,296888,296889,296894,296895,296897,296898,296899,296900,296901,296902,296903,296904
5837  25ns_1225b_1213_1060_1108_144bpi_12inj            296966,296967,296968,296969,296970,296971,296972,296976,296977,296978,296979,296980
5838  25ns_1225b_1213_1060_1108_144bpi_12inj            297001,297002,297003,297004,297006,297007,297009,297010,297011,297012,297013,297014,297015,297016,297017,297018,297019
5839  25ns_1225b_1213_1060_1108_144bpi_12inj            297046,297047,297048,297049,297050
5840  25ns_1225b_1213_1060_1108_144bpi_12inj            297056,297057
5842  25ns_1561b_1549_1397_1460_144bpi_15inj            297099,297100,297101
5845  25ns_1741b_1729_1572_1644_144bpi_14inj            297113,297114
5848  25ns_1741b_1729_1572_1644_144bpi_14inj            297168,297169,297170,297171,297172,297173,297174,297175,297176,297177,297178,297179,297180,297181,297182
5849  25ns_2029b_2017_1776_1860_144bpi_17inj            297211,297215,297218,297219,297224,297225,297227,297228,297229
5856  25ns_2173b_2161_1872_1962_144bpi_17inj            297281,297282,297283,297284,297285,297286,297287,297288,297289,297290,297291,297292,297293,297296,297308,297316
5862  25ns_2317b_2305_1962_2058_144bpi_20inj            297359
5864  25ns_2317b_2305_1962_2058_144bpi_20inj            297411
5865  25ns_2317b_2305_1962_2058_144bpi_20inj            297424,297425,297426,297427,297428,297429,297430,297431,297432,297433,297434,297435
5868  25ns_2460b_2448_2052_2154_144bpi_19inj            297467,297468,297469
5870  25ns_2460b_2448_2052_2154_144bpi_19inj            297474
5872  25ns_2460b_2448_2052_2154_144bpi_19inj            297483,297484,297485,297486,297487,297488
5873  25ns_2460b_2448_2052_2154_144bpi_19inj            297494,297495,297496,297497,297498,297499,297500,297501,297502,297503,297504,297505
5876  25ns_2460b_2448_2052_2154_144bpi_19inj            297557,297558,297559,297560,297562,297563
5878  25ns_2460b_2448_2052_2154_144bpi_19inj            297598,297599,297603,297604,297605,297606
5880  25ns_2556b_2544_2215_2332_144bpi_20inj            297620
5882  25ns_2556b_2544_2215_2332_144bpi_20inj            297656,297657,297658,297659,297660,297661,297662,297663,297664,297665,297666
5883  25ns_2556b_2544_2215_2332_144bpi_20inj            297670,297671,297672,297673,297674,297675,297678
5885  25ns_2556b_2544_2215_2332_144bpi_20inj            297713,297714,297715 
5887  25ns_2556b_2544_2215_2332_144bpi_20inj            297722,297723 
5919  2nominals_10pilots_lossmaps_coll_allIPs           298653
5920  2nominals_10pilots_lossmaps_coll_allIPs           298673,298674,298678,298679,298681
5930  25ns_51b_51_32_36_12bpi_7inj                      298809
5934  25ns_601b_589_523_544_96bpi_11inj_v2              298853,298854,298855
5942  25ns_1357b_1345_1226_1280_144bpi_14inj            298996,298997,298998,299000
5946  25ns_1357b_1345_1226_1280_144bpi_14inj            299042
5950  25ns_2173b_2161_1872_1962_144bpi_17inj            299061,299062,299064,299065,299067
5952  25ns_2317b_2305_1962_2058_144bpi_20inj            299096
5954  25ns_2317b_2305_1962_2058_144bpi_20inj            299149
5958  25ns_2317b_2305_1962_2058_144bpi_20inj            299178,299180,299183,299184,299185
5960  25ns_2317b_2305_1962_2058_144bpi_20inj            299316,299317,299318,299322,299324,299325,299326,299327,299329
